-57.3  57.1  -39.9  39.5  nan    nan   nan    nan 
-91.8  92.6  -63.8  65.0  nan    nan   nan    nan
-1.86  1.86  -1.30  1.30  -4.86  4.66  -5.70  5.46
-2.38  2.38  -1.70  1.66  -4.86  4.66  -5.70  5.46
-5.16  5.16  -3.64  3.64  -9.72  9.32  -11.4  10.9
-0.76  0.84  -0.52  0.60  -2.44  2.52  -2.92  2.92
-0.92  1.00  -0.60  0.68  -3.24  3.24  -3.80  3.88
-1.64  1.72  -1.16  1.16  -6.68  6.60  -7.88  7.72
nan    nan   nan    nan   -0.90  0.94  -1.06  1.10
nan    nan   nan    nan   -1.54  1.54  -1.82  1.82
